---
startPose:
  x: 0.0
  y: 0.0
  heading: 0.0
steps:
- pose:
    x: 30.0
    y: 0.0
    heading: 1.5707963267948966
  interpolationType: "TANGENT"
- pose:
    x: 0.0
    y: 0.0
    heading: 3.141592653589793
  interpolationType: "TANGENT"
- pose:
    x: -30.0
    y: 0.0
    heading: 3.141592653589793
  interpolationType: "TANGENT"
- pose:
    x: 0.0
    y: 0.0
    heading: 3.141592653589793
  interpolationType: "TANGENT"
resolution: 0.25
version: 2
